{
 "cells": [
  {
   "cell_type": "markdown",
   "metadata": {},
   "source": [
    "# 3: Fermipy\n",
    "\n",
    "There is a tool named Fermipy which was developed (mainly) by Matt Wood at NASA Goddard with the help of several others. It's very good at simplifying the whole Fermi analysis chain - as I will demonstrate shortly. \n",
    "\n",
    "## Intro\n",
    "\n",
    "Fermipy takes a configuration file in the YAML format, and then uses this to run the whole analysis chain along with optimized fitting routines and several other bells and whistles to make your analysis **significantly** easier. Firstly let's have a look at the default config, which has all of the different possible parameters in it for your perusal."
   ]
  },
  {
   "cell_type": "code",
   "execution_count": 1,
   "metadata": {},
   "outputs": [
    {
     "name": "stdout",
     "output_type": "stream",
     "text": [
      "# NGC 1275 Configuration File\r\n",
      "\r\n",
      "data:\r\n",
      "  evfile : events.txt #our list of photon files\r\n",
      "  scfile : data/L1910170847288E15477E17_SC00.fits #our spacecraft file\r\n",
      "\r\n",
      "binning:\r\n",
      "  roiwidth   : 15.0 # Let's keep a small roi\r\n",
      "  binsz      : 0.1 # bin size in degrees\r\n",
      "  binsperdec : 8 # Ebins per decade in energy - 10 is a good estimate\r\n",
      "\r\n",
      "selection:\r\n",
      "  emin : 100  #our minimum energy\r\n",
      "  emax : 300000  #our maximum energy\r\n",
      "  zmax : 90  #our zenith angle\r\n",
      "  evclass : 128  #our event class\r\n",
      "  evtype : 3  #our event type\r\n",
      "  tmin : 283996802  #our minimum time\r\n",
      "  tmax : 315532802  #our maximum time\r\n",
      "  filter : DATA_QUAL>0 && LAT_CONFIG==1 #A standard filter for gtmktime\r\n",
      "  target : 'NGC 1275' # As NGC 1275 is in our 4FGL catalogue, we can simply type its name in, instead of the ra and dec of the source.\r\n",
      "\r\n",
      "gtlike:\r\n",
      "  edisp : True # Enable energy dispersion\r\n",
      "  irfs : 'P8R3_SOURCE_V3'\r\n",
      "  edisp_disable  : ['isodiff', 'galdiff'] # Never enable energy dispersion for the isodiff or galdiff models\r\n",
      "\r\n",
      "model:\r\n",
      "  src_roiwidth : 20.0 #Includes sources outside of the ROI\r\n",
      "  galdiff  : 'gll_iem_v07.fits' # The most recent and up to date model of the galactic diffuse emission\r\n",
      "  isodiff  : 'iso_P8R3_SOURCE_V3_v1.txt' # The most recent and up to date model for the isotropic diffuse emission, and for our event class\r\n",
      "  catalogs : ['4FGL'] # The 4FGL catalogue, 8 year Fermi-LAT point source catalogue.\r\n"
     ]
    }
   ],
   "source": [
    "!cat config.yaml"
   ]
  },
  {
   "cell_type": "markdown",
   "metadata": {},
   "source": [
    "Now let's load this up in Fermipy and see what we can do:"
   ]
  },
  {
   "cell_type": "code",
   "execution_count": 2,
   "metadata": {},
   "outputs": [
    {
     "name": "stdout",
     "output_type": "stream",
     "text": [
      "/workdir\n"
     ]
    }
   ],
   "source": [
    "currentDir = %pwd\n",
    "print(currentDir)"
   ]
  },
  {
   "cell_type": "code",
   "execution_count": 3,
   "metadata": {},
   "outputs": [],
   "source": [
    "import os"
   ]
  },
  {
   "cell_type": "code",
   "execution_count": 4,
   "metadata": {},
   "outputs": [
    {
     "name": "stdout",
     "output_type": "stream",
     "text": [
      ".:/root/pfiles;/miniconda3/envs/fermipy-v1-0-1/share/fermitools/syspfiles\n"
     ]
    }
   ],
   "source": [
    "print((\"{0}\").format(os.environ['PFILES']))"
   ]
  },
  {
   "cell_type": "code",
   "execution_count": 5,
   "metadata": {},
   "outputs": [],
   "source": [
    "os.environ['PFILES'] = currentDir + \"/NGC_1275_Fit\""
   ]
  },
  {
   "cell_type": "code",
   "execution_count": 6,
   "metadata": {},
   "outputs": [
    {
     "name": "stdout",
     "output_type": "stream",
     "text": [
      "/workdir/NGC_1275_Fit\n"
     ]
    }
   ],
   "source": [
    "print((\"{0}\").format(os.environ['PFILES']))"
   ]
  },
  {
   "cell_type": "code",
   "execution_count": 7,
   "metadata": {},
   "outputs": [],
   "source": [
    "if(not os.path.exists(\"/workdir/NGC_1275_Fit\")):\n",
    "    os.mkdir(\"/workdir/NGC_1275_Fit\")\n",
    "    os.listdir(\"/workdir/NGC_1275_Fit\")\n",
    "else:\n",
    "    os.listdir(\"/workdir/NGC_1275_Fit\")"
   ]
  },
  {
   "cell_type": "code",
   "execution_count": 8,
   "metadata": {},
   "outputs": [
    {
     "name": "stdout",
     "output_type": "stream",
     "text": [
      "total 117M\r\n",
      "-rw-r--r--  1 root root  214 Dec  2 14:01  Data_Query.dat\r\n",
      "-rw-r--r--  1 root root  746 Dec  2 14:01  README.md\r\n",
      "-rw-r--r--  1 root root 1.4K Dec  2 14:01  config.yaml\r\n",
      "drwxr-xr-x 15 root root  480 Dec  2 14:01  \u001b[0m\u001b[01;34mimg\u001b[0m/\r\n",
      "-rw-r--r--  1 root root  49K Dec  2 14:01  make4FGLxml.py\r\n",
      "-rw-r--r--  1 root root  36K Dec  2 14:01  make4FGLxml.pyc\r\n",
      "-rw-r--r--  1 root root 5.3M Dec  2 14:02  gll_psc_v27.fit\r\n",
      "-rw-r--r--  1 root root  16M Dec  2 14:02  ltcube.fits\r\n",
      "drwxr-xr-x  4 root root  128 Dec  2 14:02  \u001b[01;34mngc1275-analysis\u001b[0m/\r\n",
      "drwxr-xr-x  7 root root  224 Dec  2 14:03  \u001b[01;34mdata\u001b[0m/\r\n",
      "-rw-r--r--  1 root root  39K Dec  2 14:05 'Tutorial 1. The Fermi Data.ipynb'\r\n",
      "drwxr-xr-x  3 root root   96 Dec  2 14:16  \u001b[01;34m__pycache__\u001b[0m/\r\n",
      "-rw-r--r--  1 root root 241K Dec  2 15:50 'Tutorial 3. Fermipy.ipynb'\r\n",
      "-rw-r--r--  1 root root  117 Dec  2 15:56  events.txt\r\n",
      "-rw-r--r--  1 root root 1.3K Dec  2 16:00  gtselect.par\r\n",
      "-rw-r--r--  1 root root  38M Dec  2 16:01  NGC_1275_filtered.fits\r\n",
      "drwxr-xr-x  2 root root   64 Dec  2 16:05  \u001b[01;34mNGC_1275_Fit\u001b[0m/\r\n",
      "-rw-r--r--  1 root root 1.2K Dec  2 16:06  gtmktime.par\r\n",
      "-rw-r--r--  1 root root  37M Dec  2 16:06  NGC_1275_gti.fits\r\n",
      "-rw-r--r--  1 root root 4.1K Dec  2 16:08  gtbin.par\r\n",
      "-rw-r--r--  1 root root 5.3M Dec  2 16:08  NGC_1275_ccube.fits\r\n",
      "-rw-r--r--  1 root root 170K Dec  2 16:08  NGC_1275_model.xml\r\n",
      "-rw-r--r--  1 root root  19K Dec  2 16:08  ROI_NGC_1275_model.reg\r\n",
      "-rw-r--r--  1 root root 1.1K Dec  2 16:09  gtltcube.par\r\n",
      "-rw-r--r--  1 root root  19K Dec  2 16:10 'Tutorial 2. The Fermi Tools.ipynb'\r\n",
      "-rw-r--r--  1 root root 2.2K Dec  2 16:11  gtexpcube2.par\r\n",
      "-rw-r--r--  1 root root 5.5M Dec  2 16:11  NGC_1275_bexpmap.fits\r\n",
      "-rw-r--r--  1 root root 1.5K Dec  2 16:12  gtsrcmaps.par\r\n",
      "-rw-r--r--  1 root root 5.3M Dec  2 16:12  NGC_1275_srcmaps.fits\r\n"
     ]
    }
   ],
   "source": [
    "ls -lhtr"
   ]
  },
  {
   "cell_type": "code",
   "execution_count": 14,
   "metadata": {},
   "outputs": [
    {
     "name": "stderr",
     "output_type": "stream",
     "text": [
      "2021-12-02 16:17:41 INFO    GTAnalysis.__init__(): \n",
      "--------------------------------------------------------------------------------\n",
      "fermipy version v1.0.1 \n",
      "ScienceTools version 2.0.8\n"
     ]
    },
    {
     "name": "stdout",
     "output_type": "stream",
     "text": [
      "here\n",
      "here\n"
     ]
    }
   ],
   "source": [
    "from fermipy.gtanalysis import GTAnalysis\n",
    "\n",
    "# Create an analysis object from the config file\n",
    "\n",
    "gta = GTAnalysis('config.yaml', logging={'verbosity': 3})\n",
    "#gta = GTAnalysis('config.yaml', logging={'verbosity': 3}, fileio={'outdir': '/workdir/local-test-three/Tutorial/NGC_1275_Fit'}) # One can also pass in additional command line options here.\n",
    "#gta = GTAnalysis('config.yaml', logging={'verbosity': 3}, fileio={'workdir' : './', 'outdir': './NGC_1275_Fit'}) # One can also pass in additional command line options here."
   ]
  },
  {
   "cell_type": "markdown",
   "metadata": {},
   "source": [
    "We can normally ignore any 'warning' messages, they generally benign. Now we'll run our setup"
   ]
  },
  {
   "cell_type": "code",
   "execution_count": 16,
   "metadata": {},
   "outputs": [
    {
     "name": "stderr",
     "output_type": "stream",
     "text": [
      "2021-12-02 19:15:23 INFO    GTAnalysis.setup(): Running setup.\n",
      "2021-12-02 19:15:23 INFO    GTBinnedAnalysis.setup(): Running setup for component 00\n",
      "2021-12-02 19:15:23 INFO    GTBinnedAnalysis._select_data(): Skipping data selection.\n",
      "2021-12-02 19:15:23 INFO    GTBinnedAnalysis._create_ltcube(): Skipping LT Cube.\n",
      "2021-12-02 19:15:24 INFO    GTBinnedAnalysis._create_expcube(): Skipping gtexpcube.\n",
      "2021-12-02 19:15:24 INFO    GTBinnedAnalysis._create_srcmaps(): Skipping gtsrcmaps.\n",
      "2021-12-02 19:15:24 INFO    GTBinnedAnalysis.setup(): Finished setup for component 00\n",
      "2021-12-02 19:15:24 INFO    GTBinnedAnalysis._create_binned_analysis(): Creating BinnedAnalysis for component 00.\n"
     ]
    },
    {
     "name": "stdout",
     "output_type": "stream",
     "text": [
      "Drm_Cache::update Measured counts < 0 4FGL J0336.4+3224 27 -1.35016e-17 2.85601e-15\n",
      "27.8729 27.2381 22.1056 15.3918 9.22693 4.84418 2.25593 0.918329 0.353204 0.117082 0.0377381 0.0104151 0.0027514 0.000620017 0.000135162 2.58415e-05 5.11728e-06 9.10575e-07 1.77043e-07 3.29517e-08 5.88771e-09 9.54813e-10 1.40608e-10 1.87285e-11 2.30507e-12 2.5714e-13 2.81136e-14 2.85601e-15 \n"
     ]
    },
    {
     "name": "stderr",
     "output_type": "stream",
     "text": [
      "2021-12-02 19:15:43 INFO    GTAnalysis.setup(): Initializing source properties\n",
      "2021-12-02 19:15:51 INFO    GTAnalysis.setup(): Finished setup.\n"
     ]
    }
   ],
   "source": [
    "gta.setup()"
   ]
  },
  {
   "cell_type": "markdown",
   "metadata": {},
   "source": [
    "We can immediately see how powerful Fermipy is, based on the output (in the red textbox) of this one command. Based on our defined parameters in the config file. The setup has ran gtselect, and filtered our photon files in the same way that the command line tool would have, by ROI, time, event class and event type. It has then created a livetime cube, using gtltcube (actually, it skipped this step, because I created it for you, to save you some time). It then runs gtbin to bin our photons, gtexpcube2 to compute exposure, and gtsrcmaps, to generate a source map of our ROI. \n",
    "\n",
    "This is all exceptionally useful, as this allows us to essentially run all of the science tools from Tutorial 2, in one command, based on our input from the config file. It saves us time and effort, and reduces the odds of human error! Nice!\n",
    "\n",
    "Now we've got our model set up, we should try and fit it to our data. The first method we can use is to optimise the fit. \n",
    "\n",
    "There are several methods of statistically fitting models, $ \\chi ^2$ minimisation and linear regression being two you have probably encountered the most. As our data is multidimensional (in space, time and energy), we use a more suitable approach, as described in Mattox et al (1996) https://ui.adsabs.harvard.edu/abs/1996ApJ...461..396M/abstract, called Maximum Likelihood Estimation. \n",
    "\n",
    "Each source in our model has different parameters, with associated statistical likelihoods. By varying the parameters to maximise the likelihoods, we improve the fit of our model. This method is particularly suitable for our data and modelling. You don't need to know in great depth about MLE to do Fermi analysis, however it really gives you a greater appreciation of what you're doing matghematically. I'll leave it to you to research this yourseld.\n",
    "\n",
    "The first thing we should do with our model is optimise it. Optimisation is a Fermipy routine which iteratively pushes the parameters of each source close to their global maxima, and thus gives us a reasonable fit for our model to the data.\n",
    "\n",
    "Lets do it!\n"
   ]
  },
  {
   "cell_type": "code",
   "execution_count": 17,
   "metadata": {},
   "outputs": [
    {
     "name": "stderr",
     "output_type": "stream",
     "text": [
      "2021-12-02 19:16:19 INFO    GTAnalysis.optimize(): Starting\n"
     ]
    },
    {
     "name": "stdout",
     "output_type": "stream",
     "text": [
      "Joint fit  ['galdiff', 'isodiff', '4FGL J0319.8+4130']\n"
     ]
    },
    {
     "name": "stderr",
     "output_type": "stream",
     "text": [
      "/miniconda3/envs/fermipy-v1-0-1/lib/python3.7/site-packages/scipy/interpolate/fitpack2.py:280: UserWarning: \n",
      "The maximal number of iterations maxit (set to 20 by the program)\n",
      "allowed for finding a smoothing spline with fp=s has been reached: s\n",
      "too small.\n",
      "There is an approximation returned but the corresponding weighted sum\n",
      "of squared residuals does not satisfy the condition abs(fp-s)/s < tol.\n",
      "  warnings.warn(message)\n"
     ]
    },
    {
     "name": "stdout",
     "output_type": "stream",
     "text": [
      "Fitting shape galdiff TS:  29686.975\n",
      "Fitting shape 4FGL J0319.8+4130 TS:   8122.537\n",
      "Fitting shape isodiff TS:   1142.428\n",
      "Fitting shape 4FGL J0303.6+4716 TS:    624.739\n",
      "Fitting shape 4FGL J0340.3+4130 TS:    270.936\n",
      "Fitting shape 4FGL J0324.8+3412 TS:     46.593\n",
      "Fitting shape 4FGL J0330.6+4659 TS:     29.501\n"
     ]
    },
    {
     "name": "stderr",
     "output_type": "stream",
     "text": [
      "2021-12-02 19:16:54 INFO    GTAnalysis.optimize(): Finished\n",
      "2021-12-02 19:16:54 INFO    GTAnalysis.optimize(): LogLike: -184299.172933 Delta-LogLike: 386.050363\n",
      "2021-12-02 19:16:54 INFO    GTAnalysis.optimize(): Execution time: 35.17 s\n"
     ]
    },
    {
     "data": {
      "text/plain": [
       "{'loglike0': -184685.22329567335,\n",
       " 'loglike1': -184299.17293267645,\n",
       " 'dloglike': 386.05036299690255,\n",
       " 'config': {'npred_threshold': 1.0,\n",
       "  'npred_frac': 0.95,\n",
       "  'shape_ts_threshold': 25.0,\n",
       "  'max_free_sources': 5,\n",
       "  'skip': [],\n",
       "  'optimizer': {'optimizer': 'MINUIT',\n",
       "   'tol': 0.001,\n",
       "   'max_iter': 100,\n",
       "   'init_lambda': 0.0001,\n",
       "   'retries': 3,\n",
       "   'min_fit_quality': 2,\n",
       "   'verbosity': 0}}}"
      ]
     },
     "execution_count": 17,
     "metadata": {},
     "output_type": "execute_result"
    }
   ],
   "source": [
    "gta.optimize()"
   ]
  },
  {
   "cell_type": "markdown",
   "metadata": {},
   "source": [
    "There we go! Our optimization is finished and we should now have a model which represents the data in a much better way than before. But can we do better?\n",
    "\n",
    "As mentioned, each source has a set of parameters, normalisation of the spectral power law, spectral shape etc. By freeing these parameters, we can execute a fit with respect to these. A fit provides a much better, well, fit, of the model to the data with respect to the freed parameters, however is very time consuming for our machines to do. In the case of NGC 1275 (which we are looking at) we probably want to fit the normalisation, and the normalisation of the sources around it. Parameters like spectral shape can be left alone, because we are pretty convinced that it is a point source, and there is no evidence for $\\gamma$-ray extension.\n",
    "\n",
    "First, we free the normalisation for a 3 degree region centered on NGC 1275, and also our background components in the model. "
   ]
  },
  {
   "cell_type": "code",
   "execution_count": 18,
   "metadata": {},
   "outputs": [
    {
     "name": "stderr",
     "output_type": "stream",
     "text": [
      "2021-12-03 07:45:58 INFO    GTAnalysis.free_source(): Freeing parameters for 4FGL J0319.8+4130     : ['norm']\n",
      "2021-12-03 07:45:58 INFO    GTAnalysis.free_source(): Freeing parameters for 4FGL J0316.8+4120     : ['Prefactor']\n",
      "2021-12-03 07:45:58 INFO    GTAnalysis.free_source(): Freeing parameters for 4FGL J0315.5+4231     : ['Prefactor']\n",
      "2021-12-03 07:45:58 INFO    GTAnalysis.free_source(): Freeing parameters for 4FGL J0312.9+4119     : ['Prefactor']\n",
      "2021-12-03 07:45:58 INFO    GTAnalysis.free_source(): Freeing parameters for 4FGL J0311.6+4134     : ['Prefactor']\n",
      "2021-12-03 07:45:58 INFO    GTAnalysis.free_source(): Freeing parameters for 4FGL J0333.8+4007     : ['Prefactor']\n",
      "2021-12-03 07:45:58 INFO    GTAnalysis.free_source(): Freeing parameters for isodiff               : ['Normalization']\n",
      "2021-12-03 07:45:58 INFO    GTAnalysis.free_source(): Freeing parameters for galdiff               : ['Prefactor']\n"
     ]
    }
   ],
   "source": [
    "gta.free_sources(distance=3.0,pars='norm') #frees the point sources\n",
    "gta.free_source('galdiff', pars='norm') #frees the galactic diffuse\n",
    "gta.free_source('isodiff', pars='norm') #frees the isotropic diffuse"
   ]
  },
  {
   "cell_type": "markdown",
   "metadata": {},
   "source": [
    "Now our sources are freed, we can execute our fit with this simple command:"
   ]
  },
  {
   "cell_type": "code",
   "execution_count": 19,
   "metadata": {},
   "outputs": [
    {
     "name": "stderr",
     "output_type": "stream",
     "text": [
      "2021-12-03 07:46:10 INFO    GTAnalysis.fit(): Starting fit.\n",
      "2021-12-03 07:46:15 INFO    GTAnalysis.fit(): Fit returned successfully. Quality:   3 Status:   0\n",
      "2021-12-03 07:46:15 INFO    GTAnalysis.fit(): LogLike:  -184296.795 DeltaLogLike:        2.378 \n"
     ]
    },
    {
     "data": {
      "text/plain": [
       "{'fit_quality': 3,\n",
       " 'fit_status': 0,\n",
       " 'fit_success': True,\n",
       " 'dloglike': 2.3777051554934587,\n",
       " 'edm': 0.00011931280552559192,\n",
       " 'loglike': -184296.79522752092,\n",
       " 'covariance': array([[ 4.68392710e-04, -1.99298243e-04, -1.32235552e-06,\n",
       "         -1.11642836e-06,  1.05941004e-07,  9.46101055e-07,\n",
       "         -1.45673434e-07,  8.90685718e-07],\n",
       "        [-1.99298243e-04,  6.38679897e-01, -1.03212830e-02,\n",
       "         -3.88797869e-02, -1.26948002e-03,  8.17728018e-04,\n",
       "          7.74637020e-04, -6.52478868e-03],\n",
       "        [-1.32235552e-06, -1.03212830e-02,  1.77727200e-02,\n",
       "         -5.73011829e-04, -1.15044389e-04,  2.66017034e-04,\n",
       "         -5.87633774e-06, -1.22794911e-04],\n",
       "        [-1.11642836e-06, -3.88797869e-02, -5.73011829e-04,\n",
       "          1.24187460e-01, -6.91601902e-04,  6.15684984e-04,\n",
       "         -2.24229581e-05,  1.38259465e-04],\n",
       "        [ 1.05941004e-07, -1.26948002e-03, -1.15044389e-04,\n",
       "         -6.91601902e-04,  4.93362926e-05, -9.53716964e-05,\n",
       "         -9.97534819e-08, -1.89031595e-05],\n",
       "        [ 9.46101055e-07,  8.17728018e-04,  2.66017034e-04,\n",
       "          6.15684984e-04, -9.53716964e-05,  8.53999804e-02,\n",
       "         -5.04683910e-05, -5.87900277e-04],\n",
       "        [-1.45673434e-07,  7.74637020e-04, -5.87633774e-06,\n",
       "         -2.24229581e-05, -9.97534819e-08, -5.04683910e-05,\n",
       "          6.73684153e-05, -2.78173079e-04],\n",
       "        [ 8.90685718e-07, -6.52478868e-03, -1.22794911e-04,\n",
       "          1.38259465e-04, -1.89031595e-05, -5.87900277e-04,\n",
       "         -2.78173079e-04,  1.54514759e-03]]),\n",
       " 'correlation': array([[ 1.00000000e+00, -1.15227671e-02, -4.58317268e-04,\n",
       "         -1.46381746e-04,  6.96908505e-04,  1.49590350e-04,\n",
       "         -8.20062835e-04,  1.04697049e-03],\n",
       "        [-1.15227671e-02,  1.00000000e+00, -9.68757575e-02,\n",
       "         -1.38052215e-01, -2.26152291e-01,  3.50137293e-03,\n",
       "          1.18094170e-01, -2.07701600e-01],\n",
       "        [-4.58317268e-04, -9.68757575e-02,  1.00000000e+00,\n",
       "         -1.21968523e-02, -1.22858508e-01,  6.82815880e-03,\n",
       "         -5.37033816e-03, -2.34324897e-02],\n",
       "        [-1.46381746e-04, -1.38052215e-01, -1.21968523e-02,\n",
       "          1.00000000e+00, -2.79404921e-01,  5.97848031e-03,\n",
       "         -7.75221601e-03,  9.98093014e-03],\n",
       "        [ 6.96908505e-04, -2.26152291e-01, -1.22858508e-01,\n",
       "         -2.79404921e-01,  1.00000000e+00, -4.64630127e-02,\n",
       "         -1.73028101e-03, -6.84646131e-02],\n",
       "        [ 1.49590350e-04,  3.50137293e-03,  6.82815880e-03,\n",
       "          5.97848031e-03, -4.64630127e-02,  1.00000000e+00,\n",
       "         -2.10408077e-02, -5.11787641e-02],\n",
       "        [-8.20062835e-04,  1.18094170e-01, -5.37033816e-03,\n",
       "         -7.75221601e-03, -1.73028101e-03, -2.10408077e-02,\n",
       "          1.00000000e+00, -8.62187947e-01],\n",
       "        [ 1.04697049e-03, -2.07701600e-01, -2.34324897e-02,\n",
       "          9.98093014e-03, -6.84646131e-02, -5.11787641e-02,\n",
       "         -8.62187947e-01,  1.00000000e+00]]),\n",
       " 'values': array([1.27264307e-04, 1.24411340e+00, 6.91942380e-03, 6.13028248e-01,\n",
       "        3.15073075e-01, 9.15531059e-01, 9.17963694e-01, 1.15543995e+00]),\n",
       " 'errors': array([0.02164238, 0.79917451, 0.13331437, 0.35240241, 0.00702398,\n",
       "        0.29223275, 0.00820783, 0.03930837]),\n",
       " 'indices': array([ 57,  63,  69,  72,  75,  92, 175, 178]),\n",
       " 'is_norm': array([ True,  True,  True,  True,  True,  True,  True,  True]),\n",
       " 'src_names': ['4FGL J0311.6+4134',\n",
       "  '4FGL J0312.9+4119',\n",
       "  '4FGL J0315.5+4231',\n",
       "  '4FGL J0316.8+4120',\n",
       "  '4FGL J0319.8+4130',\n",
       "  '4FGL J0333.8+4007',\n",
       "  'galdiff',\n",
       "  'isodiff'],\n",
       " 'par_names': ['Prefactor',\n",
       "  'Prefactor',\n",
       "  'Prefactor',\n",
       "  'Prefactor',\n",
       "  'norm',\n",
       "  'Prefactor',\n",
       "  'Prefactor',\n",
       "  'Normalization'],\n",
       " 'config': {'optimizer': 'MINUIT',\n",
       "  'tol': 0.001,\n",
       "  'max_iter': 100,\n",
       "  'init_lambda': 0.0001,\n",
       "  'retries': 3,\n",
       "  'min_fit_quality': 2,\n",
       "  'verbosity': 0,\n",
       "  'covar': True,\n",
       "  'reoptimize': False},\n",
       " 'niter': 1}"
      ]
     },
     "execution_count": 19,
     "metadata": {},
     "output_type": "execute_result"
    }
   ],
   "source": [
    "gta.fit()"
   ]
  },
  {
   "cell_type": "markdown",
   "metadata": {},
   "source": [
    "And we're done! We've successfully built a model using the Science Tools, and fitted it to our data in a few simple lines of code. Now we've done our modelling, we should really check how accurate it is. Fortunately, thereis an easy way to do this, called a residual map. Our data shows the number of photons in each bin, and our model tries to predict this, so by subtracting one from the other on a bin by bin basis, we are able to see how well our model predicts the data."
   ]
  },
  {
   "cell_type": "code",
   "execution_count": 20,
   "metadata": {},
   "outputs": [
    {
     "name": "stderr",
     "output_type": "stream",
     "text": [
      "2021-12-03 07:46:25 INFO    GTAnalysis.residmap(): Generating residual maps\n",
      "2021-12-03 07:46:25 INFO    GTAnalysis.add_source(): Adding source residmap_testsource\n",
      "2021-12-03 07:46:30 INFO    GTAnalysis.delete_source(): Deleting source residmap_testsource\n",
      "/miniconda3/envs/fermipy-v1-0-1/lib/python3.7/site-packages/fermipy/plotting.py:164: MatplotlibDeprecationWarning: Passing raw data via parameters data and lut to register_cmap() is deprecated since 3.3 and will become an error two minor releases later. Instead use: register_cmap(cmap=LinearSegmentedColormap(name, data, lut))\n",
      "  plt.register_cmap(name='bluered', data=bluered)\n",
      "/miniconda3/envs/fermipy-v1-0-1/lib/python3.7/site-packages/fermipy/plotting.py:146: MatplotlibDeprecationWarning: Passing raw data via parameters data and lut to register_cmap() is deprecated since 3.3 and will become an error two minor releases later. Instead use: register_cmap(cmap=LinearSegmentedColormap(name, data, lut))\n",
      "  plt.register_cmap(name='ds9_b', data=ds9_b)\n",
      "/miniconda3/envs/fermipy-v1-0-1/lib/python3.7/site-packages/fermipy/plotting.py:301: MatplotlibDeprecationWarning: You are modifying the state of a globally registered colormap. In future versions, you will not be able to modify a registered colormap in-place. To remove this warning, you can make a copy of the colormap first. cmap = copy.copy(mpl.cm.get_cmap(\"RdBu_r\"))\n",
      "  colormap.set_under(colormap(0))\n",
      "/miniconda3/envs/fermipy-v1-0-1/lib/python3.7/site-packages/astropy/visualization/wcsaxes/core.py:202: MatplotlibDeprecationWarning: Passing parameters norm and vmin/vmax simultaneously is deprecated since 3.3 and will become an error two minor releases later. Please pass vmin/vmax directly to the norm when creating it.\n",
      "  return super().imshow(X, *args, origin=origin, **kwargs)\n",
      "/miniconda3/envs/fermipy-v1-0-1/lib/python3.7/site-packages/astropy/visualization/wcsaxes/core.py:225: UserWarning: No contour levels were found within the data range.\n",
      "  cset = super().contour(*args, **kwargs)\n",
      "/miniconda3/envs/fermipy-v1-0-1/lib/python3.7/site-packages/astropy/visualization/wcsaxes/core.py:458: MatplotlibDeprecationWarning: \n",
      "The 'inframe' parameter of draw() was deprecated in Matplotlib 3.3 and will be removed two minor releases later. Use Axes.redraw_in_frame() instead. If any parameter follows 'inframe', they should be passed as keyword, not positionally.\n",
      "  super().draw(renderer, inframe=inframe)\n",
      "/miniconda3/envs/fermipy-v1-0-1/lib/python3.7/site-packages/astropy/visualization/wcsaxes/core.py:458: MatplotlibDeprecationWarning: \n",
      "The 'inframe' parameter of draw() was deprecated in Matplotlib 3.3 and will be removed two minor releases later. Use Axes.redraw_in_frame() instead. If any parameter follows 'inframe', they should be passed as keyword, not positionally.\n",
      "  super().draw(renderer, inframe=inframe)\n",
      "/miniconda3/envs/fermipy-v1-0-1/lib/python3.7/site-packages/fermipy/plotting.py:146: MatplotlibDeprecationWarning: Passing raw data via parameters data and lut to register_cmap() is deprecated since 3.3 and will become an error two minor releases later. Instead use: register_cmap(cmap=LinearSegmentedColormap(name, data, lut))\n",
      "  plt.register_cmap(name='ds9_b', data=ds9_b)\n",
      "/miniconda3/envs/fermipy-v1-0-1/lib/python3.7/site-packages/fermipy/plotting.py:301: MatplotlibDeprecationWarning: You are modifying the state of a globally registered colormap. In future versions, you will not be able to modify a registered colormap in-place. To remove this warning, you can make a copy of the colormap first. cmap = copy.copy(mpl.cm.get_cmap(\"magma\"))\n",
      "  colormap.set_under(colormap(0))\n",
      "/miniconda3/envs/fermipy-v1-0-1/lib/python3.7/site-packages/astropy/visualization/wcsaxes/core.py:202: MatplotlibDeprecationWarning: Passing parameters norm and vmin/vmax simultaneously is deprecated since 3.3 and will become an error two minor releases later. Please pass vmin/vmax directly to the norm when creating it.\n",
      "  return super().imshow(X, *args, origin=origin, **kwargs)\n",
      "/miniconda3/envs/fermipy-v1-0-1/lib/python3.7/site-packages/astropy/visualization/wcsaxes/core.py:458: MatplotlibDeprecationWarning: \n",
      "The 'inframe' parameter of draw() was deprecated in Matplotlib 3.3 and will be removed two minor releases later. Use Axes.redraw_in_frame() instead. If any parameter follows 'inframe', they should be passed as keyword, not positionally.\n",
      "  super().draw(renderer, inframe=inframe)\n",
      "/miniconda3/envs/fermipy-v1-0-1/lib/python3.7/site-packages/astropy/visualization/wcsaxes/core.py:458: MatplotlibDeprecationWarning: \n",
      "The 'inframe' parameter of draw() was deprecated in Matplotlib 3.3 and will be removed two minor releases later. Use Axes.redraw_in_frame() instead. If any parameter follows 'inframe', they should be passed as keyword, not positionally.\n",
      "  super().draw(renderer, inframe=inframe)\n",
      "/miniconda3/envs/fermipy-v1-0-1/lib/python3.7/site-packages/fermipy/plotting.py:146: MatplotlibDeprecationWarning: Passing raw data via parameters data and lut to register_cmap() is deprecated since 3.3 and will become an error two minor releases later. Instead use: register_cmap(cmap=LinearSegmentedColormap(name, data, lut))\n",
      "  plt.register_cmap(name='ds9_b', data=ds9_b)\n",
      "/miniconda3/envs/fermipy-v1-0-1/lib/python3.7/site-packages/fermipy/plotting.py:301: MatplotlibDeprecationWarning: You are modifying the state of a globally registered colormap. In future versions, you will not be able to modify a registered colormap in-place. To remove this warning, you can make a copy of the colormap first. cmap = copy.copy(mpl.cm.get_cmap(\"magma\"))\n",
      "  colormap.set_under(colormap(0))\n",
      "/miniconda3/envs/fermipy-v1-0-1/lib/python3.7/site-packages/astropy/visualization/wcsaxes/core.py:202: MatplotlibDeprecationWarning: Passing parameters norm and vmin/vmax simultaneously is deprecated since 3.3 and will become an error two minor releases later. Please pass vmin/vmax directly to the norm when creating it.\n",
      "  return super().imshow(X, *args, origin=origin, **kwargs)\n",
      "/miniconda3/envs/fermipy-v1-0-1/lib/python3.7/site-packages/astropy/visualization/wcsaxes/core.py:458: MatplotlibDeprecationWarning: \n",
      "The 'inframe' parameter of draw() was deprecated in Matplotlib 3.3 and will be removed two minor releases later. Use Axes.redraw_in_frame() instead. If any parameter follows 'inframe', they should be passed as keyword, not positionally.\n",
      "  super().draw(renderer, inframe=inframe)\n",
      "/miniconda3/envs/fermipy-v1-0-1/lib/python3.7/site-packages/astropy/visualization/wcsaxes/core.py:458: MatplotlibDeprecationWarning: \n",
      "The 'inframe' parameter of draw() was deprecated in Matplotlib 3.3 and will be removed two minor releases later. Use Axes.redraw_in_frame() instead. If any parameter follows 'inframe', they should be passed as keyword, not positionally.\n",
      "  super().draw(renderer, inframe=inframe)\n",
      "/miniconda3/envs/fermipy-v1-0-1/lib/python3.7/site-packages/fermipy/plotting.py:146: MatplotlibDeprecationWarning: Passing raw data via parameters data and lut to register_cmap() is deprecated since 3.3 and will become an error two minor releases later. Instead use: register_cmap(cmap=LinearSegmentedColormap(name, data, lut))\n",
      "  plt.register_cmap(name='ds9_b', data=ds9_b)\n",
      "/miniconda3/envs/fermipy-v1-0-1/lib/python3.7/site-packages/fermipy/plotting.py:301: MatplotlibDeprecationWarning: You are modifying the state of a globally registered colormap. In future versions, you will not be able to modify a registered colormap in-place. To remove this warning, you can make a copy of the colormap first. cmap = copy.copy(mpl.cm.get_cmap(\"RdBu_r\"))\n",
      "  colormap.set_under(colormap(0))\n",
      "/miniconda3/envs/fermipy-v1-0-1/lib/python3.7/site-packages/astropy/visualization/wcsaxes/core.py:458: MatplotlibDeprecationWarning: \n",
      "The 'inframe' parameter of draw() was deprecated in Matplotlib 3.3 and will be removed two minor releases later. Use Axes.redraw_in_frame() instead. If any parameter follows 'inframe', they should be passed as keyword, not positionally.\n",
      "  super().draw(renderer, inframe=inframe)\n",
      "/miniconda3/envs/fermipy-v1-0-1/lib/python3.7/site-packages/astropy/visualization/wcsaxes/core.py:458: MatplotlibDeprecationWarning: \n",
      "The 'inframe' parameter of draw() was deprecated in Matplotlib 3.3 and will be removed two minor releases later. Use Axes.redraw_in_frame() instead. If any parameter follows 'inframe', they should be passed as keyword, not positionally.\n",
      "  super().draw(renderer, inframe=inframe)\n",
      "2021-12-03 07:46:34 INFO    GTAnalysis.residmap(): Finished residual maps\n"
     ]
    },
    {
     "name": "stderr",
     "output_type": "stream",
     "text": [
      "2021-12-03 07:46:48 WARNING GTAnalysis.residmap(): Saving maps in .npy files is disabled b/c of incompatibilities in python3, remove the maps from the /workdir/pointsource_powerlaw_2.00_residmap.npy\n",
      "2021-12-03 07:46:48 INFO    GTAnalysis.residmap(): Execution time: 23.08 s\n"
     ]
    },
    {
     "data": {
      "text/plain": [
       "{'name': 'pointsource_powerlaw_2.00',\n",
       " 'projtype': 'WCS',\n",
       " 'file': 'pointsource_powerlaw_2.00_residmap.fits',\n",
       " 'sigma': WcsNDMap\n",
       " \n",
       " \tgeom  : WcsGeom \n",
       "  \taxes  : ['lon', 'lat']\n",
       " \tshape : (150, 150)\n",
       " \tndim  : 2\n",
       " \tunit  : \n",
       " \tdtype : float64,\n",
       " 'model': WcsNDMap\n",
       " \n",
       " \tgeom  : WcsGeom \n",
       "  \taxes  : ['lon', 'lat']\n",
       " \tshape : (150, 150)\n",
       " \tndim  : 2\n",
       " \tunit  : \n",
       " \tdtype : float64,\n",
       " 'data': WcsNDMap\n",
       " \n",
       " \tgeom  : WcsGeom \n",
       "  \taxes  : ['lon', 'lat']\n",
       " \tshape : (150, 150)\n",
       " \tndim  : 2\n",
       " \tunit  : \n",
       " \tdtype : float64,\n",
       " 'excess': WcsNDMap\n",
       " \n",
       " \tgeom  : WcsGeom \n",
       "  \taxes  : ['lon', 'lat']\n",
       " \tshape : (150, 150)\n",
       " \tndim  : 2\n",
       " \tunit  : \n",
       " \tdtype : float64,\n",
       " 'mask': None,\n",
       " 'config': {'model': {'Index': 2.0,\n",
       "   'SpectrumType': 'PowerLaw',\n",
       "   'SpatialModel': 'PointSource',\n",
       "   'Prefactor': 1e-13},\n",
       "  'exclude': [],\n",
       "  'loge_bounds': [],\n",
       "  'make_plots': True,\n",
       "  'use_weights': False,\n",
       "  'write_fits': True,\n",
       "  'write_npy': True}}"
      ]
     },
     "execution_count": 20,
     "metadata": {},
     "output_type": "execute_result"
    }
   ],
   "source": [
    "gta.residmap(make_plots=True)"
   ]
  },
  {
   "cell_type": "markdown",
   "metadata": {},
   "source": [
    "As we included the 'make_plots=True' arguement in our command, Fermipy has automatically generated some plots of our residual maps for us to look at. Generally these 'diagnostic plots' are of poor quality. We wouldn't consider them for publication, and in the case of SED diagnostic plots, we know that they can be wrong all together! However, for now the residual map plots are fine. \n",
    "\n",
    "First we can look at our data itself:\n",
    "\n",
    "![data_counts](img/data_counts.png)\n",
    "\n",
    "The big bright blob in the centre is our galaxy, NGC 1275 (or 4FGL J0319.8+4130 in the 4FGL). We can see there are some other, less bright sources nearby, and a large amount of diffuse emission in the top left of the map, this is from the Galactic plane! Clearly though NGC 1275 is the brightest thing in our ROI, which is useful (although not always the case depending on what you're looking at). \n",
    "\n",
    "Now though, we can look at our model:\n",
    "\n",
    "![model_counts](img/model_counts.png)\n",
    "\n",
    "The two maps are almost indistinguishable from one another, which is good! We want our modelling to be as representative of our data as possible. Now subtracting the two... \n",
    "\n",
    "![rmap_counts](img/rmap_counts.png)\n",
    "\n",
    "We can see that across the ROI, we have an excess of counts (the red), wwhich indicates that we are undermodelling the data (not predicting enough counts). But right in the centre, we have the opposite problem of overmodelling. To see how much of an issue this is, we need to turn these counts numbers into something more statistically meaningful.\n",
    "\n",
    "![rmap_sigma](img/rmap_sigma.png)\n",
    "\n",
    "Now we see that our overmodelling and undermodelling are not very statistically significant, and thus we can be confident that our ROI is modelled well.\n",
    "\n",
    "Examining our maps, we can notice that all of our sources in the model are from the 4FGL. This is because when we built the model, Fermipy used the 4FGL to automatically insert all of the known 4FGL sources into our model. It would however be naive to assume that this is the most accurate representation of our ROI. One major issue is sources that may not be catalogued. Luckily, we have a method to deal with that. First, we will generate a TS map of our ROI. The TS (test statistic) is a statistic which arises from our likelihood modelling, but directly correlates to a significance value for $k$ degrees of freedom between hypotheses. For one degree of freedom however, the square root of the TS gives us our significance value, so a TS of 9 is $3 \\sigma$ etc. When we generate a TS map, it will give us the sigtnificance of any unmodelled emission across the ROI, and thus let us see if there is any emission left to be modelled!"
   ]
  },
  {
   "cell_type": "code",
   "execution_count": 21,
   "metadata": {
    "scrolled": true
   },
   "outputs": [
    {
     "name": "stderr",
     "output_type": "stream",
     "text": [
      "2021-12-03 07:47:21 INFO    GTAnalysis.tsmap(): Generating TS map\n",
      "2021-12-03 07:47:28 INFO    GTAnalysis._make_tsmap_fast(): Fitting test source.\n",
      "/miniconda3/envs/fermipy-v1-0-1/lib/python3.7/site-packages/fermipy/plotting.py:146: MatplotlibDeprecationWarning: Passing raw data via parameters data and lut to register_cmap() is deprecated since 3.3 and will become an error two minor releases later. Instead use: register_cmap(cmap=LinearSegmentedColormap(name, data, lut))\n",
      "  plt.register_cmap(name='ds9_b', data=ds9_b)\n",
      "/miniconda3/envs/fermipy-v1-0-1/lib/python3.7/site-packages/fermipy/plotting.py:301: MatplotlibDeprecationWarning: You are modifying the state of a globally registered colormap. In future versions, you will not be able to modify a registered colormap in-place. To remove this warning, you can make a copy of the colormap first. cmap = copy.copy(mpl.cm.get_cmap(\"magma\"))\n",
      "  colormap.set_under(colormap(0))\n",
      "/miniconda3/envs/fermipy-v1-0-1/lib/python3.7/site-packages/astropy/visualization/wcsaxes/core.py:202: MatplotlibDeprecationWarning: Passing parameters norm and vmin/vmax simultaneously is deprecated since 3.3 and will become an error two minor releases later. Please pass vmin/vmax directly to the norm when creating it.\n",
      "  return super().imshow(X, *args, origin=origin, **kwargs)\n",
      "/miniconda3/envs/fermipy-v1-0-1/lib/python3.7/site-packages/astropy/visualization/wcsaxes/core.py:458: MatplotlibDeprecationWarning: \n",
      "The 'inframe' parameter of draw() was deprecated in Matplotlib 3.3 and will be removed two minor releases later. Use Axes.redraw_in_frame() instead. If any parameter follows 'inframe', they should be passed as keyword, not positionally.\n",
      "  super().draw(renderer, inframe=inframe)\n",
      "/miniconda3/envs/fermipy-v1-0-1/lib/python3.7/site-packages/astropy/visualization/wcsaxes/core.py:458: MatplotlibDeprecationWarning: \n",
